1.000000 36.000000 1.000000 0.193595 1.654349
2.000000 36.000000 1.000000 0.183730 1.578393
3.000000 36.000000 1.000000 0.174127 1.504261
4.000000 36.000000 1.000000 0.164787 1.431951
5.000000 36.000000 1.000000 0.155709 1.361465
6.000000 36.000000 1.000000 0.146893 1.292803
7.000000 36.000000 1.000000 0.138340 1.225963
8.000000 36.000000 1.000000 0.130050 1.160947
9.000000 36.000000 1.000000 0.122022 1.097754
10.000000 36.000000 1.000000 0.114256 1.036384
11.000000 36.000000 1.000000 0.106753 0.976837
12.000000 36.000000 1.000000 0.099513 0.919114
13.000000 36.000000 1.000000 0.092535 0.863214
14.000000 36.000000 1.000000 0.085819 0.809137
15.000000 36.000000 1.000000 0.079366 0.756883
16.000000 36.000000 1.000000 0.073176 0.706453
17.000000 36.000000 1.000000 0.067248 0.657846
18.000000 36.000000 1.000000 0.061582 0.611062
19.000000 36.000000 1.000000 0.056179 0.566102
20.000000 36.000000 1.000000 0.051038 0.522964
21.000000 36.000000 1.000000 0.046160 0.481650
22.000000 36.000000 1.000000 0.041545 0.442160
23.000000 36.000000 1.000000 0.037192 0.404492
24.000000 36.000000 1.000000 0.033101 0.368648
25.000000 36.000000 1.000000 0.029273 0.334627
26.000000 36.000000 1.000000 0.025707 0.302429
27.000000 36.000000 1.000000 0.022404 0.272054
28.000000 36.000000 1.000000 0.019363 0.243503
29.000000 36.000000 1.000000 0.016585 0.216775
30.000000 36.000000 1.000000 0.014069 0.191870
31.000000 36.000000 1.000000 0.011816 0.168789
32.000000 36.000000 1.000000 0.009826 0.147530
33.000000 36.000000 1.000000 0.008097 0.128095
34.000000 36.000000 1.000000 0.006632 0.110484
35.000000 36.000000 1.000000 0.005428 0.094695
36.000000 36.000000 1.000000 0.004488 0.080730
37.000000 36.000000 1.000000 0.003809 0.068588
38.000000 36.000000 1.000000 0.003394 0.058269
39.000000 36.000000 1.000000 0.003240 0.049773
40.000000 36.000000 1.000000 0.003350 0.043101
41.000000 36.000000 1.000000 0.003721 0.038252
42.000000 36.000000 1.000000 0.004355 0.035226
43.000000 36.000000 1.000000 0.005252 0.034024
44.000000 36.000000 1.000000 0.006411 0.034645
45.000000 36.000000 1.000000 0.007833 0.037089
46.000000 36.000000 1.000000 0.009517 0.041356
47.000000 36.000000 1.000000 0.011464 0.047446
48.000000 36.000000 1.000000 0.013673 0.055360
49.000000 36.000000 1.000000 0.016144 0.065097
50.000000 36.000000 1.000000 0.018879 0.076657
51.000000 36.000000 1.000000 0.021875 0.090041
52.000000 36.000000 1.000000 0.025134 0.105247
53.000000 36.000000 1.000000 0.028656 0.122277
54.000000 36.000000 1.000000 0.032440 0.141131
55.000000 36.000000 1.000000 0.036486 0.161807
56.000000 36.000000 1.000000 0.040796 0.184307
57.000000 36.000000 1.000000 0.045367 0.208630
58.000000 36.000000 1.000000 0.050201 0.234776
59.000000 36.000000 1.000000 0.055298 0.262746
60.000000 36.000000 1.000000 0.060657 0.292539
61.000000 36.000000 1.000000 0.066278 0.324155
62.000000 36.000000 1.000000 0.072162 0.357594
63.000000 36.000000 1.000000 0.078309 0.392856
64.000000 36.000000 1.000000 0.084718 0.429942
65.000000 36.000000 1.000000 0.091389 0.468851
66.000000 36.000000 1.000000 0.098323 0.509583
67.000000 36.000000 1.000000 0.105519 0.552139
68.000000 36.000000 1.000000 0.112978 0.596518
69.000000 36.000000 1.000000 0.120700 0.642720
70.000000 36.000000 1.000000 0.128684 0.690745
71.000000 36.000000 1.000000 0.136930 0.740593
72.000000 36.000000 1.000000 0.145439 0.792265
73.000000 36.000000 1.000000 0.154210 0.845760
74.000000 36.000000 1.000000 0.163244 0.901079
75.000000 36.000000 1.000000 0.172541 0.958220
76.000000 36.000000 1.000000 0.182100 1.017185
77.000000 36.000000 1.000000 0.191921 1.077973
78.000000 36.000000 1.000000 0.202005 1.140584
79.000000 36.000000 1.000000 0.212351 1.205019
80.000000 36.000000 1.000000 0.222960 1.271276
81.000000 36.000000 1.000000 0.233831 1.339358
