36.000000 1.000000 1.000000 2.516572 0.080730
36.000000 2.000000 1.000000 2.378269 0.080730
36.000000 3.000000 1.000000 2.243879 0.080730
36.000000 4.000000 1.000000 2.113403 0.080730
36.000000 5.000000 1.000000 1.986841 0.080730
36.000000 6.000000 1.000000 1.864192 0.080730
36.000000 7.000000 1.000000 1.745456 0.080730
36.000000 8.000000 1.000000 1.630634 0.080730
36.000000 9.000000 1.000000 1.519726 0.080730
36.000000 10.000000 1.000000 1.412730 0.080730
36.000000 11.000000 1.000000 1.309649 0.080730
36.000000 12.000000 1.000000 1.210481 0.080730
36.000000 13.000000 1.000000 1.115226 0.080730
36.000000 14.000000 1.000000 1.023885 0.080730
36.000000 15.000000 1.000000 0.936457 0.080730
36.000000 16.000000 1.000000 0.852943 0.080730
36.000000 17.000000 1.000000 0.773342 0.080730
36.000000 18.000000 1.000000 0.697655 0.080730
36.000000 19.000000 1.000000 0.625881 0.080730
36.000000 20.000000 1.000000 0.558020 0.080730
36.000000 21.000000 1.000000 0.494073 0.080730
36.000000 22.000000 1.000000 0.434040 0.080730
36.000000 23.000000 1.000000 0.377920 0.080730
36.000000 24.000000 1.000000 0.325714 0.080730
36.000000 25.000000 1.000000 0.277421 0.080730
36.000000 26.000000 1.000000 0.233041 0.080730
36.000000 27.000000 1.000000 0.192575 0.080730
36.000000 28.000000 1.000000 0.156023 0.080730
36.000000 29.000000 1.000000 0.123384 0.080730
36.000000 30.000000 1.000000 0.094658 0.080730
36.000000 31.000000 1.000000 0.069846 0.080730
36.000000 32.000000 1.000000 0.048947 0.080730
36.000000 33.000000 1.000000 0.031962 0.080730
36.000000 34.000000 1.000000 0.018891 0.080730
36.000000 35.000000 1.000000 0.009732 0.080730
36.000000 36.000000 1.000000 0.004488 0.080730
36.000000 37.000000 1.000000 0.003156 0.080730
36.000000 38.000000 1.000000 0.005739 0.080730
36.000000 39.000000 1.000000 0.012234 0.080730
36.000000 40.000000 1.000000 0.022644 0.080730
36.000000 41.000000 1.000000 0.036966 0.080730
36.000000 42.000000 1.000000 0.055202 0.080730
36.000000 43.000000 1.000000 0.077352 0.080730
36.000000 44.000000 1.000000 0.103415 0.080730
36.000000 45.000000 1.000000 0.133392 0.080730
36.000000 46.000000 1.000000 0.167282 0.080730
36.000000 47.000000 1.000000 0.205085 0.080730
36.000000 48.000000 1.000000 0.246802 0.080730
36.000000 49.000000 1.000000 0.292433 0.080730
36.000000 50.000000 1.000000 0.341977 0.080730
36.000000 51.000000 1.000000 0.395434 0.080730
36.000000 52.000000 1.000000 0.452805 0.080730
36.000000 53.000000 1.000000 0.514090 0.080730
36.000000 54.000000 1.000000 0.579287 0.080730
36.000000 55.000000 1.000000 0.648399 0.080730
36.000000 56.000000 1.000000 0.721424 0.080730
36.000000 57.000000 1.000000 0.798362 0.080730
36.000000 58.000000 1.000000 0.879214 0.080730
36.000000 59.000000 1.000000 0.963979 0.080730
36.000000 60.000000 1.000000 1.052658 0.080730
36.000000 61.000000 1.000000 1.145250 0.080730
36.000000 62.000000 1.000000 1.241756 0.080730
36.000000 63.000000 1.000000 1.342175 0.080730
36.000000 64.000000 1.000000 1.446508 0.080730
36.000000 65.000000 1.000000 1.554754 0.080730
36.000000 66.000000 1.000000 1.666913 0.080730
36.000000 67.000000 1.000000 1.782986 0.080730
36.000000 68.000000 1.000000 1.902973 0.080730
36.000000 69.000000 1.000000 2.026873 0.080730
36.000000 70.000000 1.000000 2.154687 0.080730
36.000000 71.000000 1.000000 2.286414 0.080730
36.000000 72.000000 1.000000 2.422054 0.080730
36.000000 73.000000 1.000000 2.561608 0.080730
36.000000 74.000000 1.000000 2.705076 0.080730
36.000000 75.000000 1.000000 2.852456 0.080730
36.000000 76.000000 1.000000 3.003751 0.080730
36.000000 77.000000 1.000000 3.158959 0.080730
36.000000 78.000000 1.000000 3.318080 0.080730
36.000000 79.000000 1.000000 3.481115 0.080730
36.000000 80.000000 1.000000 3.648063 0.080730
36.000000 81.000000 1.000000 3.818925 0.080730
