1.000000 1.985541
2.000000 1.892583
3.000000 1.801894
4.000000 1.713473
5.000000 1.627320
6.000000 1.543436
7.000000 1.461821
8.000000 1.382474
9.000000 1.305395
10.000000 1.230585
11.000000 1.158043
12.000000 1.087770
13.000000 1.019765
14.000000 0.954029
15.000000 0.890561
16.000000 0.829362
17.000000 0.770431
18.000000 0.713769
19.000000 0.659375
20.000000 0.607249
21.000000 0.557393
22.000000 0.509804
23.000000 0.464484
24.000000 0.421432
25.000000 0.380649
26.000000 0.342135
27.000000 0.305889
28.000000 0.271911
29.000000 0.240202
30.000000 0.210761
31.000000 0.183589
32.000000 0.158685
33.000000 0.136050
34.000000 0.115683
35.000000 0.097585
36.000000 0.081755
37.000000 0.068193
38.000000 0.056900
39.000000 0.047876
40.000000 0.041120
41.000000 0.036632
42.000000 0.034413
43.000000 0.034463
44.000000 0.036780
45.000000 0.041367
46.000000 0.048221
47.000000 0.057345
48.000000 0.068736
49.000000 0.082397
50.000000 0.098325
51.000000 0.116523
52.000000 0.136988
53.000000 0.159722
54.000000 0.184725
55.000000 0.211996
56.000000 0.241535
57.000000 0.273343
58.000000 0.307420
59.000000 0.343765
60.000000 0.382378
61.000000 0.423260
62.000000 0.466410
63.000000 0.511829
64.000000 0.559516
65.000000 0.609472
66.000000 0.661696
67.000000 0.716189
68.000000 0.772950
69.000000 0.831980
70.000000 0.893278
71.000000 0.956844
72.000000 1.022679
73.000000 1.090783
74.000000 1.161155
75.000000 1.233795
76.000000 1.308704
77.000000 1.385881
78.000000 1.465327
79.000000 1.547041
80.000000 1.631024
81.000000 1.717276
